20190105 1109  2.83 37 36.38 121 36.35   1.99   2.13 59  68 10.0 0.10  0.1  0.6  D 235 85 160  0.08  65                  15 18 10    73130311 
20190106 1431 46.86 36 53.46 121 29.92  13.30   1.47 33  30  8.0 0.17  0.4  0.9  D 280 10 -70  0.06  25                  35 23 25    73130626 
20190116 1007 40.12 37 20.92 122  9.53   6.67   2.27 83  70  3.0 0.17  0.2  0.2  D  30 85  70  0.24  70                  38 43 60    73133426 
20190119 1706 49.24 37 33.28 121 52.39   8.11   1.58 29  60  2.0 0.05  0.2  0.2  D 190 80  90  0.19  29                  53 33 40    73134186 
20190119 2141 46.75 36 51.35 121 34.96   5.23   2.36 61  45  1.0 0.08  0.1  0.2  D 130 65   0  0.11  71                  15 43 35    73134241 
20190121 0742 26.78 36 58.86 121 38.70   5.89   1.72 31  45  6.0 0.15  0.3  0.6  D 230 50-170  0.08  29                  10 35 35    73134711 
20190123 0336 11.08 37 36.49 122  0.68   2.18   1.86 40  39  1.0 0.07  0.1  0.2  D 225 75 160  0.15  53                  28 45 70    73135431 
20190124 2042 48.94 36 51.57 121 35.08   5.23   1.67 34  72  1.0 0.08  0.2  0.4  D 215 60 110  0.12  31                  20 23 50    73136081 
20190124 2042 48.94 36 51.57 121 35.08   5.23   1.67 34  72  1.0 0.08  0.2  0.4  D 155 55  20  0.17  31                  10 20 20 *  73136081 
20190127 0255 27.15 37 19.71 121 43.73  -0.29   2.24 70  38  6.0 0.10  0.1  1.1  D 275 85 -20  0.22  78                  28 28 30    73136891 
20190127 0255 27.15 37 19.71 121 43.73  -0.29   2.24 70  38  6.0 0.10  0.1  1.1  D 270 50 -50  0.27  78                  28 30 30 *  73136891 
20190129 1020  1.09 36 51.51 121 35.23   5.41   1.64 38  71  0.0 0.09  0.2  0.3  D 230 65 160  0.12  39                   8 23 40    73137601 
20190129 1053  1.41 37  2.92 121 30.01   6.93   1.94 58  27  3.0 0.08  0.1  0.4  D   5 75  30  0.15  68                  15 48 60    73137606 
20190129 1053  1.41 37  2.92 121 30.01   6.93   1.94 58  27  3.0 0.08  0.1  0.4  D  90 45 160  0.16  68                  15 40 35 *  73137606 
20190129 1118  4.37 37  2.91 121 29.95   7.65   1.19 32  60  3.0 0.07  0.2  0.4  D 185 75  40  0.09  31                  20 25 30    73137626 
20190129 1452 14.99 36 51.40 121 34.85   5.17   1.40 28  70  1.0 0.06  0.2  0.3  D 215 65 130  0.07  27                  20 30 40    73137671 
20190130 1633 43.27 36 49.60 121 32.96   5.08   2.17 49  41  4.0 0.07  0.1  0.2  D 215 75 110  0.18  53                  23 20 55    73138121 
20190201 0617 25.84 37 33.08 121 51.09   8.43   1.24 31  50  3.0 0.05  0.2  0.3  D 145 30-140  0.02  29                  25 20 45    73138811 
20190206 0910 14.42 37 34.09 122  4.93  13.81   1.40 33  44 13.0 0.06  0.2  0.8  D 355 65  50  0.15  30                  30 43 70    73138515 
20190207 1325  8.44 37 29.10 121 50.25  12.67   1.77 49  36  4.0 0.05  0.2  0.2  D 235 85 150  0.08  44                  18 28 45    73138785 
20190210 0946 54.78 37 18.17 121 40.49   6.04   2.00 60  49  5.0 0.07  0.1  0.2  D 230 40-180  0.20  58                  15 35 40    73140515 
20190215 1555 21.03 37 28.08 121 48.82   3.08   2.59 76  45 10.0 0.11  0.1  0.4  D 120 55 -30  0.09  73                  15 28 20    73142751 
20190215 1819 20.69 37 28.19 121 48.75   3.85   2.17 50  45 10.0 0.07  0.1  0.4  D 225 70-150  0.14  50                  15 33 45    73142766 
20190216 0915 20.56 37  2.84 121 29.92   7.87   1.61 33  43  3.0 0.06  0.2  0.3  D 180 80  40  0.04  29                  15 28 35    73142916 
20190216 0915 20.56 37  2.84 121 29.92   7.87   1.61 33  43  3.0 0.06  0.2  0.3  D 270 70 160  0.07  29                  15 18 10 *  73142916 
20190218 2334 48.90 37 23.50 121 30.64   8.12   2.85 86  50  5.0 0.07  0.1  0.2  D  90 85-150  0.09 110                  13 40 50    73143371 
20190219 2214 20.93 37 16.65 121 39.18   5.88   2.53 91  28  3.0 0.05  0.1  0.2  D 230 60 150  0.08  90                  18 33 35    73143546 
20190220 0706  8.46 37 21.31 121 42.99   8.17   1.93 73  29  5.0 0.05  0.1  0.2  D 145 85  10  0.07  60                  20 45 40    73143656 
20190224 1408 16.87 37 36.80 121 59.89   8.00   1.31 33  74  4.0 0.05  0.2  0.4  D 135 65 -30  0.10  27                  28 43 70    73145201 
20190228 2025 53.17 37 27.36 121 46.17   4.80   1.97 48  34  3.0 0.05  0.1  0.3  D 235 35-180  0.12  46                   8 20 30    73146591 
20190301 1244  4.12 36 51.80 121 35.33   5.37   1.97 42  54  1.0 0.07  0.2  0.3  D 235 75 160  0.16  47                  15 33 50    73146841 
20190301 1316 47.43 36 51.67 121 35.03   4.83   1.28 26  82  1.0 0.07  0.2  0.4  D 215 60 140  0.08  27                  20 33 35    73146846 
20190302 0159 56.95 37 17.11 121 39.74   1.78   1.49 32  47  3.0 0.09  0.2  0.3  D 220 70 120  0.07  26                  13 18 45    73147051 
20190304 0803 41.45 37 13.13 122  1.04   8.47   2.09 64  77  4.0 0.13  0.2  0.2  D 190 80  50  0.20  56                  40 45 65    73147801 
20190306 0814  2.82 37 36.12 121 36.29   1.33   2.37 61  49 10.0 0.13  0.1  0.7  D  90 90-160  0.18  79                  18 20 15    73148601 
20190309 2004 17.40 36 49.62 121 33.23   6.00   2.36 52  53  4.0 0.07  0.1  0.3  D 140 75 -20  0.22  69                  15 35 35    73149946 
20190310 0242 32.72 36 49.64 121 33.19   5.87   1.41 33  56  4.0 0.06  0.2  0.4  D 200 30 120  0.29  30                  20 15 30    73150041 
20190310 2322 58.26 36 57.97 121 36.65   4.69   1.52 31  52  3.0 0.06  0.2  0.4  D  25 90 180  0.03  29                  23 53 60    73150376 
20190312 0521 10.34 37 13.87 121 36.66   6.75   2.54 95  35  6.0 0.07  0.1  0.3  D 145 80 -20  0.11  91                  13 45 50    73150941 
20190316 1533 12.12 37 36.35 121 41.12  15.38   1.68 41  68  7.0 0.09  0.2  0.4  D 245 80-130  0.10  51                  35 30 40    73152846 
20190319 1018 44.76 37 22.22 121 43.90   6.20   2.28 88  33  3.0 0.08  0.1  0.2  D 330 85 -50  0.11  99                  18 20 40    73154156 
20190319 1018 44.76 37 22.22 121 43.90   6.20   2.28 88  33  3.0 0.08  0.1  0.2  D 250 85-120  0.12  99                  15 18 45 *  73154156 
20190325 1026 59.48 37 37.64 121 56.20   8.49   1.73 50  46  2.0 0.07  0.2  0.1  D 250 50
20190325 2131 12.04 36 58.68 121 38.22   5.39   1.91 37  59  6.0 0.07  0.2  0.3  D 235 60-140  0.10  36                  15 28 40    73156305 
20190326 0151  9.27 36 58.65 121 38.22   5.79   1.23 29  39  5.0 0.05  0.2  0.4  D 230 65-160  0.04  25                  18 43 50    73156385 
20190326 0535 39.81 37 35.51 121 59.18   7.31   1.99 79  26  3.0 0.10  0.1  0.2  D 310 40 -30  0.13  67                  10 35 50    73156440 
20190326 0557 35.82 37 14.16 121 37.17   5.40   2.89101  33  5.0 0.08  0.1  0.3  D 145 45   0  0.15 137                  15 38 25    73156445 
20190326 2055 40.39 37 28.88 121 45.63   4.44   1.47 27  70  5.0 0.03  0.2  0.4  D  95 25-110  0.03  26                  43 20 50    73156805 
20190326 2055 40.39 37 28.88 121 45.63   4.44   1.47 27  70  5.0 0.03  0.2  0.4  D 295 60-110  0.04  26                  25 30 50 *  73156805 
20190327 2243 45.91 37 14.44 121 37.54   4.12   2.27 67  52  5.0 0.06  0.1  0.2  D 330 80 -50  0.12  67                  20 33 50    73157265 
20190327 2243 45.91 37 14.44 121 37.54   4.12   2.27 67  52  5.0 0.06  0.1  0.2  D 235 85-130  0.13  67                  18 35 60 *  73157265 
20190327 2244 18.00 37 14.43 121 37.54   4.50   2.46 71  52  5.0 0.07  0.1  0.2  D  80 65-140  0.14  68                  20 35 65    73157270 
20190327 2244 18.00 37 14.43 121 37.54   4.50   2.46 71  52  5.0 0.07  0.1  0.2  D 325 45   0  0.14  68                  18 53 50 *  73157270 
20190329 0558 27.66 36 58.59 121 38.00   5.38   1.71 36  57  5.0 0.07  0.2  0.4  D  30 65 180  0.11  35                  13 45 40    73157865 
20190329 2059 19.71 36 58.71 121 38.16   5.67   1.76 37  40  5.0 0.07  0.2  0.3  D 225 70-150  0.12  38                  18 35 50    73158250 
20190330 0157 44.51 37 25.96 121 46.33  10.36   1.50 42  39  3.0 0.05  0.1  0.2  D 105 90  40  0.10  44                  15 25 35    73158345 
20190330 0953 33.45 36 58.67 121 38.15   5.50   1.71 41  40  5.0 0.07  0.2  0.3  D 275 45 -80  0.08  45                  18 20 25    73158465 
20190330 1432 19.15 37 29.73 121 52.39   2.53   1.35 30  80  5.0 0.07  0.2  0.4  D 320 65 -10  0.04  27                  15 45 35    73158530 
20190330 1432 19.15 37 29.73 121 52.39   2.53   1.35 30  80  5.0 0.07  0.2  0.4  D  55 85 170  0.04  27                  13 38 60    73158530 
20190330 1432 19.15 37 29.73 121 52.39   2.53   1.35 30  80  5.0 0.07  0.2  0.4  D 285 70 -60  0.08  27                  25 28 10 *  73158530 
20190401 0324 34.12 37  9.64 121 33.26   5.73   1.94 61  58  6.0 0.08  0.1  0.4  D 170 45  20  0.15  69                  15 38 25    73159170 
20190401 2231 25.95 37 26.18 121 47.09   4.61   2.09 70  33  5.0 0.04  0.1  0.2  D 115 45 -30  0.04  61                  15 30 20    73159640 
20190404 2102 50.24 37 33.96 121 42.86   4.19   1.62 33  55  7.0 0.06  0.2  0.4  D 160 85 -60  0.08  36                  25 25 60    73161100 
20190410 0222 37.12 37  7.07 121 35.14   4.22   1.48 26  71  6.0 0.09  0.2  0.5  D 145 25 -10  0.03  26                  10 13 20    73163390 
20190413 1859 21.28 37  0.84 121 47.91  13.30   2.92 95  76  3.0 0.16  0.2  0.3  D 170 40  30  0.10 103                  18 28 20    73165370 
20190416 1223 32.66 37 21.33 121 43.13   5.49   1.82 50  33  5.0 0.07  0.1  0.3  D 125 65 -50  0.18  52                  13 23 10    73167355 
20190417 0511 43.12 37 18.25 122  4.94   6.24   2.18 75  75  3.0 0.08  0.1  0.2  D 230 40  90  0.17  89                  93 30 25    73167740 
20190417 1208  6.38 36 50.47 121 34.08   5.04   2.83 70  40  3.0 0.13  0.1  0.3  L 140 45  30  0.20 138                  18 30 35    73167895 
20190417 1208  6.38 36 50.47 121 34.08   5.04   2.83 70  40  3.0 0.13  0.1  0.3  L  30 75 170  0.22 138                  15 30 30 *  73167895 
20190418 2111  1.66 37 10.38 122 20.03  12.44   1.92 48 209  3.0 0.12  0.3  0.3  D 105 20 150  0.08  37                  43 35 50    73168500 
20190418 2135 29.41 37 10.05 122 21.09  13.53   2.83 92 189  3.0 0.19  0.3  0.2  D 200 40  80  0.13  73                  50 35 60    73168515 
20190419 0048 46.75 37  6.29 121 29.57  -0.08   2.69 75  48  4.0 0.08  0.1  0.3  D 290 80 180  0.12  88                  15 18 25    73168590 
20190419 0048 46.75 37  6.29 121 29.57  -0.08   2.69 75  48  4.0 0.08  0.1  0.3  D 245 50  70  0.19  88                  25 10 25 *  73168590 
20190419 1531  7.72 36 58.76 121 38.35   5.39   1.97 47  40  6.0 0.07  0.2  0.3  D 275 45 -80  0.11  46                  18 20 25    73168865 
20190420 1127 31.76 37 29.03 121 37.64   5.44   1.58 32  51  2.0 0.08  0.2  0.5  D  70 90-110  0.08  28                  13  8 40    73169270 
20190421 0547 10.49 37 31.73 121 41.79   3.87   1.47 30  50  7.0 0.08  0.2  0.6  D 160 85 -30  0.09  27                  13 40 45    73169765 
20190422 1602 32.23 37  2.53 122  7.70   9.58   2.26 64 153  9.0 0.15  0.3  0.4  D 100 15-150  0.16  56                  40 33 50    73170340 
20190422 1602 32.23 37  2.53 122  7.70   9.58   2.26 64 153  9.0 0.15  0.3  0.4  D  85 90 110  0.17  56                  25 18 50 *  73170340 
20190425 0028 57.58 37 22.33 121 43.90   6.02   2.09 79  33  3.0 0.06  0.1  0.2  D 160 25   0  0.16  81                  20 40 30    73171480 
20190425 0106 47.86 36 51.02 121 34.54   3.64   2.37 59  37  2.0 0.12  0.2  0.4  D 110 30 -80  0.27  70                  13 10 10    73171500 
20190425 0106 47.86 36 51.02 121 34.54   3.64   2.37 59  37  2.0 0.12  0.2  0.4  D 165 35  10  0.29  70                  13 20 30 *  73171500 
20190426 0417 35.17 36 58.77 121 38.31   5.43   1.36 31  58  6.0 0.06  0.2  0.4  D  70 45-110  0.08  33                  18 18 20    73172110 
20190426 0417 35.17 36 58.77 121 38.31   5.43   1.36 31  58  6.0 0.06  0.2  0.4  D  55 45-150  0.10  33                  25 43 60    73172110 
20190426 0417 35.17 36 58.77 121 38.31   5.43   1.36 31  58  6.0 0.06  0.2  0.4  D 300 75 -80  0.08  33                  25 13 60    73172110 
20190426 0417 35.17 36 58.77 121 38.31   5.43   1.36 31  58  6.0 0.06  0.2  0.4  D 280 30 -30  0.12  33                  25 13 20 *  73172110 
20190427 0412 51.21 37 29.98 121 41.12   5.56   1.44 36  42  4.0 0.06  0.1  0.4  D 170 30 -40  0.03  29                  28 43 35    73172750 
20190429 1614 51.96 36 57.48 121 35.72   4.44   1.26 29  52  1.0 0.07  0.2  0.3  D 285 75 -30  0.07  29                  25 43 60    73173990 
20190429 1614 51.96 36 57.48 121 35.72   4.44   1.26 29  52  1.0 0.07  0.2  0.3  D 190 85 140  0.07  29                  25 43 40    73173990 
20190429 1614 51.96 36 57.48 121 35.72   4.44   1.26 29  52  1.0 0.07  0.2  0.3  D  75 25-120  0.11  29                  23 20 15 *  73173990 
20190430 0624  7.53 37 31.99 121 54.02   8.59   1.44 40  70  1.0 0.11  0.2  0.3  D 140 90  60  0.12  33                  20 18 40    73174525 
20190430 0624  7.53 37 31.99 121 54.02   8.59   1.44 40  70  1.0 0.11  0.2  0.3  D 120 10 -50  0.26  33                  13 18 20 *  73174525 
20190503 0547 50.47 37 32.79 122 24.20   8.82   1.42 39  52  4.0 0.06  0.2  0.2  D 115 70-110  0.20  32                  53 28 40    73176075 
20190504 0531 13.91 37 25.36 121 46.85   3.96   1.28 28  41  6.0 0.04  0.2  0.3  D 260 25-160  0.02  25                  28 40 20    73176615 
20190507 0153  5.59 37 20.13 121 41.72   7.95   1.63 47  61  5.0 0.06  0.1  0.2  D 170 75  20  0.16  45                  18 38 35    73178155 
20190507 0233 54.65 37 20.15 121 41.94   7.80   1.29 29  61  5.0 0.06  0.2  0.3  D 180 60  20  0.14  30                  20 30 50    73178170 
20190507 0248  0.86 37 20.29 121 41.92   8.36   2.56 83  31  5.0 0.06  0.1  0.2  D 330 80 -30  0.15 114                  18 48 50    73178180 
20190507 0518 27.14 37 20.21 121 42.09   8.09   2.61 88  32  5.0 0.07  0.1  0.3  D 230 75 170  0.13 115                  15 45 60    73178225 
20190510 0221 16.31 37 18.69 121 40.88   7.36   2.11 63  49  5.0 0.05  0.1  0.2  D 170 35  10  0.11  74                  23 33 40    73179590 
20190510 0221 16.31 37 18.69 121 40.88   7.36   2.11 63  49  5.0 0.05  0.1  0.2  D  70 50-130  0.12  74                  20 18 15 *  73179590 
20190513 0351 48.86 37  9.68 121 33.82   3.26   1.22 32  79  6.0 0.06  0.2  0.5  D 240 50 110  0.11  31                  13 28 50    73180960 
20190513 0351 48.86 37  9.68 121 33.82   3.26   1.22 32  79  6.0 0.06  0.2  0.5  D 150 40 -10  0.14  31                  10 30 15 *  73180960 
20190515 1334 50.62 37 25.80 121 46.80   7.45   1.43 37  49  3.0 0.06  0.2  0.3  D 315 70 -20  0.05  34                  20 43 45    73181990 
20190516 0440 53.77 37 25.87 121 46.29   9.20   1.48 33  35  3.0 0.04  0.2  0.3  D 140 25 -20  0.04  34                  25 35 35    73182541 
20190517 2043  0.14 36 57.77 121 38.63   5.42   1.76 42  56  4.0 0.07  0.2  0.3  D 150 55   0  0.05  38                  13 38 25    73183266 
20190521 1535  8.34 37 32.27 121 55.01   9.06   2.22 66  27  3.0 0.07  0.1  0.2  D 145 55  10  0.14  86                  10 38 25    73184796 
20190523 1807 29.56 36 57.60 121 35.54   4.25   1.56 33  48  1.0 0.08  0.2  0.3  D 265 35 -80  0.12  30                  23 25 40    73185971 
20190523 1807 29.56 36 57.60 121 35.54   4.25   1.56 33  48  1.0 0.08  0.2  0.3  D 265 65   0  0.12  30                  18 35 55 *  73185971 
20190524 2035  7.10 37 21.48 121 43.11   8.16   1.74 52  33  5.0 0.05  0.1  0.2  D 175 75  60  0.24  44                  20 38 50    73186426 
20190524 2035  7.10 37 21.48 121 43.11   8.16   1.74 52  33  5.0 0.05  0.1  0.2  D  70 55 170  0.27  44                  33 40 35 *  73186426 
20190525 0250 12.99 37 25.02 121 45.58   5.25   1.63 42  33  5.0 0.07  0.2  0.3  D 235 85 120  0.17  42                  10 23 25    73186556 
20190525 0250 12.99 37 25.02 121 45.58   5.25   1.63 42  33  5.0 0.07  0.2  0.3  D 270 10 -60  0.19  42                  25  3 10 *  73186556 
20190527 0403 32.31 37 27.97 121 48.46   3.39   1.83 49  32  2.0 0.05  0.1  0.2  D 150 80 -70  0.06  59                  23 13 20    73187601 
20190529 2200 30.59 37 14.53 121 37.56   4.97   2.25 66  45  5.0 0.07  0.1  0.4  D 150 85 -20  0.18  74                   5 30 30    73189341 
20190530 2255 50.14 37  7.52 121 31.61   7.25   2.40 72  61  8.0 0.07  0.1  0.3  D 160 85  50  0.09  84                  28 20 35    73190166 
20190531 0243 15.99 37 24.64 121 45.61   6.52   1.78 48  32  4.0 0.04  0.1  0.2  D 235 75-130  0.04  51                  25 43 60    73190386 
20190531 0243 15.99 37 24.64 121 45.61   6.52   1.78 48  32  4.0 0.04  0.1  0.2  D 295 45 -50  0.04  51                  20 53 45 *  73190386 
20190603 1919 56.44 36 53.32 121 36.51   3.24   1.38 27  73  4.0 0.08  0.2  0.4  D 215 40-120  0.04  26                  50 23 40    73192071 
20190608 2233 57.56 36 58.42 121 37.57   5.69   1.79 42  37  4.0 0.08  0.2  0.3  D  85 35 -90  0.05  46                  20 18 25    73194501 
20190613 0425  0.04 37 15.49 121 38.19   5.42   1.45 38  50  3.0 0.06  0.2  0.3  D  80 85-120  0.18  39                  18 23 35    73196841 
20190613 0425  0.04 37 15.49 121 38.19   5.42   1.45 38  50  3.0 0.06  0.2  0.3  D 140 90 -60  0.21  39                  10  8 30 *  73196841 
20190616 2135 46.54 37 16.71 121 39.34   6.00   1.48 36  65  3.0 0.03  0.2  0.2  D  80 85-130  0.07  35                  23 28 55    73198911 
20190616 2135 46.54 37 16.71 121 39.34   6.00   1.48 36  65  3.0 0.03  0.2  0.2  D  50 15  70  0.10  35                  10 23 25 *  73198911 
20190621 1354 54.87 37 13.03 122  7.50  15.48   1.63 30 125 11.0 0.08  0.3  0.7  D  95 65 180  0.23  32                  28 45 60    73200566 
20190622 1329 23.10 36 52.64 121 37.02   8.23   3.01103  27  3.0 0.10  0.1  0.2  L 225 55 160  0.14 109                  13 30 20    73200946 
20190624 0544 21.79 37 21.93 122 11.01   4.92   1.34 27  79  1.0 0.06  0.2  0.2  D 190 30 100  0.06  29                  73 23 60    73201496 
20190624 0544 21.79 37 21.93 122 11.01   4.92   1.34 27  79  1.0 0.06  0.2  0.2  D 265 65  90  0.05  29                  45 25 50 *  73201496 
20190625 1232 27.76 37 23.05 121 44.18   6.88   1.99 60  33  3.0 0.05  0.1  0.2  D  95 10-160  0.14  65                  28 15 30    73201936 
20190625 1426 29.58 37 23.26 121 44.52   6.53   2.16 72  32  3.0 0.06  0.1  0.2  D  50 40 170  0.16  74                  20 40 60    73201956 
20190626 0853 49.55 37 23.38 121 44.36   7.24   2.46131  34  3.0 0.10  0.1  0.2  D 150 85  40  0.16 139                  15 28 30    73202311 
20190626 0853 49.55 37 23.38 121 44.36   7.24   2.46131  34  3.0 0.10  0.1  0.2  D  50 90-130  0.17 139                  15 23 50 *  73202311 
20190627 0105  9.30 37 14.66 121 37.37   5.79   1.54 47  53  5.0 0.07  0.2  0.3  D  70 85-120  0.25  43                  15 13 35    73202526 
20190627 1543 30.34 36 57.84 121 36.32   4.71   1.63 25  51  2.0 0.08  0.2  0.3  D  45 40-140  0.05  25                  35 35 40    73202806 
20190629 1126 37.53 37 28.71 121 49.82   7.00   1.02 29  59  3.0 0.05  0.2  0.3  D 285 85 -80  0.04  26                  40 13 35    73203591 
20190630 1705 20.50 37 16.61 121 39.19   6.09   1.56 46  68  3.0 0.05  0.1  0.2  D 200 60  70  0.09  39                  50 25 40    73204021 
20190701 1745 35.55 37 24.70 121 45.41   8.59   2.43110  30  4.0 0.06  0.1  0.2  D 325 80 -40  0.16 136                  20 38 50    73204406 
20190701 1812  6.88 37 16.64 121 39.08   6.51   1.53 47  68  3.0 0.05  0.1  0.2  D 335 85 -50  0.13  36                  28 35 60    73204426 
20190705 0601 51.00 37 38.00 122  2.68   3.81   1.20 33  69  3.0 0.15  0.2  0.4  D 135 35  10  0.04  27                  20 43 40    73207166 
20190707 1901 12.05 36 51.01 121 34.87   5.59   1.98 54  29  1.0 0.09  0.2  0.3  D 215 70 130  0.15  65                  18 20 55    73213501 
20190708 0853 37.19 36 57.07 121 33.78   6.33   1.87 55  35  2.0 0.18  0.2  0.6  D 115 55 -30  0.15  53                  15 30 25    73214466 
20190708 0853 37.19 36 57.07 121 33.78   6.33   1.87 55  35  2.0 0.18  0.2  0.6  D 285 65 -60  0.16  53                  25 20 10 *  73214466 
20190709 0224 47.94 36 58.77 121 38.08   3.52   1.36 28  84  5.0 0.08  0.2  0.4  D 135 60 -20  0.06  26                  15 45 60    73215551 
20190711 0045 27.41 37  6.52 121 52.53   0.48   1.56 48  53 13.0 0.17  0.2  0.6  D 135 45-100  0.16  42                  93 20 55    73218446 
20190712 1740 58.36 37 24.14 121 45.22   4.88   1.53 33  39  4.0 0.08  0.2  0.4  D 165 85  20  0.19  31                  25 43 60    73221001 
20190715 2046 50.96 37 16.34 121 38.73   6.83   3.30120  50  3.0 0.08  0.1  0.2  W 155 60  30  0.11 218                  10 25 20    73224146 
20190717 1241 30.57 36 51.56 121 34.80   3.71   1.45 33  75  1.0 0.08  0.2  0.3  D 295 85  20  0.25  31                  25 53 60    73226231 
20190723 1651 10.08 36 57.53 121 35.20   4.17   2.80 88  22  1.0 0.17  0.2  0.3  D 295 85 -30  0.23 137                  20 43 50    73232796 
20190726 0956 45.01 36 53.66 121 34.75   5.32   1.61 46  68  4.0 0.10  0.2  0.4  D 150 35  30  0.19  28                  23 40 45    73235051 
20190727 2033  8.62 37 24.56 121 45.51   5.82   1.41 36  41  4.0 0.05  0.2  0.4  D 100 90-130  0.07  29                  20 30 30    73236186 
20190727 2033  8.62 37 24.56 121 45.51   5.82   1.41 36  41  4.0 0.05  0.2  0.4  D 260 80 120  0.07  29                  10 10 25 *  73236186 
20190728 2332  4.12 37 26.88 121 41.18   7.23   2.38 87  51  4.0 0.09  0.1  0.3  D 165 75 -10  0.20  89                  10 50 45    73237161 
20190805 0919 46.12 36 55.91 121 40.50  11.29   1.62 51  55  1.0 0.12  0.2  0.5  D 220 55 170  0.10  47                  10 23 20    73242681 
20190808 2031 33.38 37 20.87 121 35.77   7.67   2.66 93  39  4.0 0.09  0.1  0.2  D  95 65-140  0.21  67                  10 28 35    73245081 
20190808 2031 33.38 37 20.87 121 35.77   7.67   2.66 93  39  4.0 0.09  0.1  0.2  D  90 80-170  0.23  67                  15 35 30 *  73245081 
20190808 2336 13.80 37 22.09 121 44.58   2.16   1.92 36  49  2.0 0.05  0.2  0.3  D 200 30  50  0.23  29                  30  8 30    73245166 
20190809 0432 18.21 37 15.51 121 38.22   5.97   2.65 91  42  3.0 0.09  0.1  0.2  D 235 85 130  0.15  89                  13 20 40    73245376 
20190813 1031 12.47 37 21.33 121 43.07   6.34   2.45 98  33  5.0 0.09  0.1  0.2  D  50 70-170  0.13  72                  18 40 50    73249995 
20190817 1122 15.01 37 29.52 121 48.55   8.59   2.40 90  34  5.0 0.10  0.1  0.3  D 230 65 140  0.23  90                  10 15 20    73252455 
20190817 1122 15.01 37 29.52 121 48.55   8.59   2.40 90  34  5.0 0.10  0.1  0.3  D 155 65  40  0.25  90                  13 25 25 *  73252455 
20190821 0726  9.94 37 14.55 122  3.66   9.19   2.02 56  81  7.0 0.16  0.3  0.5  D 220 30 100  0.22  43                  40 23 25    73255150 
20190821 0736 34.59 37 14.63 122  3.46   9.15   2.55 95  78  7.0 0.18  0.2  0.4  D 230 60 120  0.32  98                  25 30 20    73255165 
20190821 1223 15.76 37 33.15 121 56.87   5.30   1.32 31  64  4.0 0.10  0.2  0.4  D  60 65-120  0.21  28                  28 25 40    73255305 
20190823 1601 24.40 36 53.21 121 36.56   3.54   1.54 33  56  4.0 0.11  0.3  0.5  D 210 45-110  0.09  27                  23 15 25    73256965 
20190824 0758 20.40 36 50.18 121 33.80   4.36   2.00 57  34  3.0 0.11  0.2  0.3  D 145 85  50  0.18  53                  15 23 30    73257835 
20190827 0444 51.30 36 57.54 121 35.11   6.92   1.29 42  34  0.0 0.18  0.3  0.7  D 105 50 -70  0.29  36                  15 25 20    73259760 
20190830 0540 46.60 37 10.33 121 41.87   8.35   1.33 35  67  4.0 0.08  0.2  0.4  D 190 10  70  0.23  31                  28  5 30    73261930 
20190830 0540 46.60 37 10.33 121 41.87   8.35   1.33 35  67  4.0 0.08  0.2  0.4  D 130 80 -70  0.23  31                  18  8 15 *  73261930 
20190830 0756 44.47 37 35.28 121 59.41   3.41   1.31 32  59  2.0 0.12  0.2  0.4  D 225 75 140  0.21  28                  10 30 30    73261985 
20190831 2258  9.70 37 29.08 121 50.20   7.84   1.58 45  31  4.0 0.05  0.2  0.3  D 115 90  20  0.21  44                  15 43 35    73262880 
20190901 0706 27.26 37 25.69 121 46.11   9.13   1.38 46  36  4.0 0.05  0.1  0.3  D 155 60   0  0.23  37                  10 38 20    73263045 
20190901 0712  4.72 37 25.62 121 46.19   9.75   2.48107  35  4.0 0.09  0.1  0.3  D 225 80-150  0.21 111                   8 23 35    73263060 
20190902 1711 31.95 36 58.88 121 38.14   8.60   1.62 49  37  6.0 0.15  0.2  0.5  D 300 60 -40  0.21  38                  23 25 40    73263845 
20190906 1145 59.41 36 55.25 121 38.48   6.49   1.32 36  61  2.0 0.09  0.2  0.4  D 240 55 100  0.10  31                  13 20 35    73266225 
20190906 2108 20.27 37 29.10 121 47.88   7.40   1.89 42  65  4.0 0.05  0.1  0.3  D 235 60 110  0.01  38                  15 20 15    73266460 
20190908 0416  7.99 36 56.67 121 40.48   9.46   1.48 32  55  2.0 0.09  0.2  0.5  D 130 80 -40  0.10  30                  23 30 50    73267290 
20190909 0211 52.32 36 55.82 121 39.48   7.32   1.71 40  56  0.0 0.09  0.2  0.4  D 130 35 -10  0.11  34                  18 35 25    73267805 
20190910 0040  2.16 36 57.58 121 35.16   6.16   1.54 36  53  1.0 0.13  0.2  0.5  D 270 55 -50  0.17  31                  28 35 50    73268310 
20190912 1005 55.52 37 28.90 121 48.42   5.54   1.27 31  63  4.0 0.04  0.2  0.3  D 275 10 -60  0.14  26                  15  3 10    73269605 
20190912 1005 55.52 37 28.90 121 48.42   5.54   1.27 31  63  4.0 0.04  0.2  0.3  D  75 40-170  0.19  26                  13 20 30 *  73269605 
20190912 2229 12.86 36 49.55 121 33.48   6.11   1.98 48  33  4.0 0.09  0.2  0.3  D 210 25 150  0.17  44                  15 20 25    73270165 
20190915 2046 25.05 37 29.60 121 48.54   7.77   1.66 45  63  5.0 0.08  0.2  0.4  D 340 75  30  0.16  35                   8 38 40    73274275 
20190916 1010  6.29 37 16.45 121 38.98   5.65   1.50 48  70  3.0 0.05  0.1  0.2  D 230 50 140  0.20  39                  10 25 25    73274610 
20190920 1325 17.88 37 24.73 121 48.80  -0.34   1.79 53  28  4.0 0.13  0.1  0.3  D 110 70   0  0.04  28                  20 18 25    73276890 
20190924 1741  9.86 36 49.38 121 32.99   5.33   2.57 60  28  4.0 0.09  0.2  0.3  D 200 75 100  0.24  50                  30 13 20    73278850 
20190924 1741  9.86 36 49.38 121 32.99   5.33   2.57 60  28  4.0 0.09  0.2  0.3  D  65 30-180  0.25  50                  23 10 30 *  73278850 
20190925 0316 32.27 36 49.49 121 33.55   5.42   2.30 52  43  3.0 0.10  0.2  0.3  D 150 30 -30  0.24  46                  13 38 25    73279210 
20190927 0000 31.71 36 50.38 121 34.14   5.52   1.57 33  45  3.0 0.10  0.3  0.4  D 215 60 160  0.19  27                  10 38 50    73281515 
20190927 1022  2.79 36 51.18 121 30.89   6.20   1.31 28 102  4.0 0.12  0.3  0.7  D 135 65  30  0.15  25                  18 38 40    73281795 
20191001 2118 21.65 36 50.23 121 34.22   4.99   2.36 71  23  3.0 0.16  0.2  0.4  D 130 60  10  0.18  62                   8 30 20    73284895 
20191001 2118 21.65 36 50.23 121 34.22   4.99   2.36 71  23  3.0 0.16  0.2  0.4  D 170 30 100  0.22  62                  13  8 20 *  73284895 
20191004 1754 34.43 36 49.39 121 33.61   7.66   2.54 79  26  3.0 0.10  0.1  0.2  D 145 85 -20  0.19  65                  20 35 40    73286460 
20191006 0112 37.37 37 27.48 121 48.84   5.67   2.01 84  59  1.0 0.08  0.1  0.2  D 225 85 130  0.19  58                   8 15 55    73287085 
20191006 1122 54.52 37 15.45 121 30.37   9.41   1.61 53  71 10.0 0.07  0.1  0.4  D  90 85-120  0.07  32                  15 15 40    73287235 
20191006 1122 54.52 37 15.45 121 30.37   9.41   1.61 53  71 10.0 0.07  0.1  0.4  D 355 60 -40  0.11  32                  13 25 10 *  73287235 
20191006 2312 41.17 37 15.62 121 30.33   9.50   2.06 70  60 10.0 0.10  0.2  0.4  D 100 65-130  0.24  56                  30 25 25    73287640 
20191007 0009 30.87 37  7.31 121 31.55   6.54   1.91 67  74  7.0 0.06  0.1  0.4  D 165 75  50  0.12  46                  18 30 30    73287660 
20191009 0915 16.64 37 22.91 121 43.97   9.27   3.25167  33  3.0 0.07  0.1  0.2  W  50 55 180  0.08 134                   8 28 40    73289220 
20191011 1059 33.66 37 13.79 121 38.78   7.21   1.93 66  51  4.0 0.10  0.2  0.2  D 210 25  70  0.08  43                  25 15 40    73289960 
20191013 2332  7.27 37 15.48 121 30.66   8.76   2.87103  47 10.0 0.13  0.2  0.4  D  90 80-130  0.17  92                   5 13 50    73291290 
20191013 2332  7.27 37 15.48 121 30.66   8.76   2.87103  47 10.0 0.13  0.2  0.4  D 360 65  10  0.18  92                   8 35 20 *  73291290 
20191014 0125 28.60 37 15.48 121 30.71   7.88   2.58111  44 10.0 0.11  0.1  0.4  D 110 60-120  0.21 126                  18  8 20    73291345 
20191015 1218 47.39 37 34.02 121 57.65   4.74   1.28 36  63  5.0 0.08  0.2  0.3  D 200 40-100  0.31  30                  30 15 40    73292215 
20191015 1218 47.39 37 34.02 121 57.65   4.74   1.28 36  63  5.0 0.08  0.2  0.3  D 360 50-100  0.32  30                  13 25 20 *  73292215 
20191016 1332 10.88 36 57.60 121 35.46   6.98   2.54100  22  1.0 0.14  0.1  0.3  D 120 60 -30  0.09  73                  10 25 15    73292955 
20191016 1514 49.72 36 57.56 121 35.30   6.38   2.03 73  22  1.0 0.17  0.2  0.5  D 230 70-140  0.18  64                   8 18 20    73293005 
20191016 2112 50.70 37 36.31 121 39.12   5.31   1.40 32  72  9.0 0.08  0.2  0.8  D  90 70-110  0.04  27                  13 13 15    73293100 
20191017 1134 27.67 37 36.39 122  0.46   5.41   1.73 56  44  1.0 0.09  0.2  0.3  D 145 85 -50  0.15  52                  20 18 25    73293420 
20191017 1407 13.60 37  7.11 121 31.63   6.03   1.25 29  78  7.0 0.07  0.2  0.6  D 105 15 -60  0.13  27                  20  8 25    73293435 
20191018 1156 59.39 36 57.47 121 34.82   6.34   1.89 59  22  0.0 0.11  0.2  0.3  D  75 50-100  0.13  43                  18 23 25    73293805 
20191018 1156 59.39 36 57.47 121 34.82   6.34   1.89 59  22  0.0 0.11  0.2  0.3  D  45 45-130  0.13  43                  20 35 50 *  73293805 
20191019 1706  4.80 37 19.53 122  4.23   7.27   2.72104  38  1.0 0.12  0.1  0.2  D 205 45  80  0.25  88                  20 25 20    73294145 
20191020 0943 46.32 36 58.84 121 50.50  10.04   1.31 35  83  6.0 0.09  0.3  0.4  D  30 90-100  0.24  28                  20 10  5    73294355 
20191021 1232 50.75 36 54.99 121 32.45   6.37   1.93 47  36  6.0 0.15  0.3  0.6  D 120 60  30  0.20  33                  25 43 40    73294740 
20191101 1425  3.25 37 23.23 121 44.49   6.37   2.02 81  33  3.0 0.05  0.1  0.3  D 220 70 140  0.18  69                  10 23 50    73299570 
20191104 0833 31.14 37  4.22 121 30.41   7.03   1.05 33  41  5.0 0.07  0.2  0.5  D 185 70  20  0.10  25                  13 40 35    73300560 
20191105 0821 22.88 36 54.47 121 34.21   6.68   1.17 31  44  5.0 0.13  0.3  0.7  D 230 80 120  0.16  25                  18 18 30    73300925 
20191105 1035  7.92 36 58.51 121 37.77   4.89   1.13 27  51  5.0 0.07  0.2  0.4  D 125 80  60  0.06  26                  23 20 15    73300955 
20191105 1036 21.57 36 58.63 121 37.88   5.13   1.14 30  45  5.0 0.09  0.2  0.4  D 120 50 -10  0.12  28                  10 30 35    73300960 
20191105 1137 56.07 36 58.58 121 37.90   5.35   1.13 30  64  5.0 0.08  0.2  0.4  D 270 35 -70  0.06  26                  13 15 25    73300975 
20191112 0116 18.63 37 25.88 121 47.84   4.51   2.82109  30  2.0 0.08  0.1  0.2  D 225 75-130  0.18  97                  13 23 20    73302451 
20191112 0121 51.90 37 25.83 121 47.91   4.52   2.47101  30  2.0 0.08  0.1  0.2  D 135 45 -10  0.26 112                  10 33 20    73302461 
20191112 0145 41.87 37 25.91 121 47.75   3.85   1.26 34  44  2.0 0.06  0.2  0.3  D 120 25 -20  0.17  28                  15 18 25    73302476 
20191112 0616 42.45 36 50.64 121 34.66   5.37   2.27 63  23  5.0 0.16  0.2  0.4  D 135 90 -40  0.25  61                  15 25 30    73302536 
20191114 0104  8.96 36 57.64 121 35.60   4.45   1.50 32  40  1.0 0.09  0.2  0.4  D  75 65 -80  0.16  27                  25 23 35    73303246 
20191116 1556 35.42 36 50.63 121 34.14   4.62   2.34 56  40  3.0 0.12  0.2  0.3  D 295 50 -40  0.26  53                  20 35 55    73304686 
20191118 1925  8.14 37 10.81 121 34.72   3.16   1.76 50  54  5.0 0.07  0.2  0.5  D 140 35 -10  0.07  44                   8 20 20    73305731 
20191123 0103 30.63 37 18.15 121 40.33   6.16   2.03 68  48  5.0 0.07  0.1  0.3  D 145 85  40  0.29  64                  13 38 40    73307636 
20191124 1449 12.77 36 57.87 121 36.24   8.05   1.77 51  37  2.0 0.11  0.2  0.4  D 110 50 -20  0.14  47                  13 33 35    73308291 
20191125 1004 28.45 37  9.24 121 32.12   7.70   1.15 31  67  8.0 0.07  0.2  0.6  D 140 45 -50  0.34  29                  20 25 45    73308696 
20191127 1957  3.25 37 30.74 121 48.24   7.01   1.50 47  40  3.0 0.04  0.1  0.3  D 135 25-130  0.11  29                  30 23 25    73309421 
20191129 0735 17.76 37 30.71 121 48.22   7.19   1.34 49  40  3.0 0.06  0.2  0.3  D 135 25-140  0.21  46                  18 28 25    73309856 
20191129 2151 36.14 37  8.29 121 34.21   3.22   1.44 35  60  6.0 0.12  0.3  0.7  D 230 40  80  0.15  27                  20 13 20    73310051 
20191130 1413 25.64 36 49.63 121 33.61   6.41   1.72 40  53  4.0 0.13  0.2  0.4  D 225 35 170  0.23  35                  18 35 30    73310331 
20191130 1415 10.52 36 49.63 121 33.46   6.46   1.50 33  41  4.0 0.12  0.3  0.5  D 225 20-180  0.20  28                  10 20 20    73310336 
20191130 1415 10.52 36 49.63 121 33.46   6.46   1.50 33  41  4.0 0.12  0.3  0.5  D  75 60-130  0.23  28                  13 13 15 *  73310336 
20191201 1702 48.90 37 19.51 121 41.40   8.15   1.37 30  40  5.0 0.05  0.2  0.3  D 155 25  10  0.15  26                  20 20 40    73310681 
20191207 1934  0.34 37  7.01 121 31.35   6.00   2.70 74  44 10.0 0.07  0.1  0.4  D 155 90  60  0.11  48                  18 13 35    73312481 
20191210 0828 27.82 36 49.74 121 33.73   6.24   2.10 71  24  4.0 0.12  0.2  0.3  D 135 80  50  0.22  54                  18 33 65    73313141 
20191217 1744  8.33 37  9.47 121 33.51  -0.24   1.70 46  57  6.0 0.09  0.2  0.6  D 135 55 -70  0.18  34                  23  5 40    73315866 
20191217 1744  8.33 37  9.47 121 33.51  -0.24   1.70 46  57  6.0 0.09  0.2  0.6  D 250 80-150  0.21  34                  10 10 25 *  73315866 
20191219 1003 51.85 37 28.77 121 49.79   7.61   1.47 43  35  3.0 0.05  0.2  0.3  D  60 75-100  0.03  33                  33 25 30    73316496 
20191220 0105 17.32 36 49.86 121 33.55   4.76   1.64 38  34  4.0 0.13  0.2  0.4  D 220 50 150  0.25  34                  13 30 30    73316771 
20191220 0105 17.32 36 49.86 121 33.55   4.76   1.64 38  34  4.0 0.13  0.2  0.4  D  70 45-150  0.30  34                  23 10 20 *  73316771 
20191222 0225 20.94 37 18.00 121 40.25   5.95   2.23 87  49  5.0 0.07  0.1  0.2  D 140 90  40  0.17  60                  18 35 50    73317936 
20191222 0838 42.77 36 58.25 121 36.88   3.63   1.74 32  38  3.0 0.12  0.2  0.5  D  65 45-110  0.13  28                  20 13 20    73318021 
20191222 0838 42.77 36 58.25 121 36.88   3.63   1.74 32  38  3.0 0.12  0.2  0.5  D 130 60 -20  0.21  28                  10 25 25 *  73318021 
20191228 0400 18.20 37 33.31 121 49.86  10.48   1.45 41  32  4.0 0.11  0.2  0.3  D 165 50  40  0.24  34                  18 20 40    73320476 
20191228 0400 18.20 37 33.31 121 49.86  10.48   1.45 41  32  4.0 0.11  0.2  0.3  D 240 40 150  0.22  34                  18 35 30 *  73320476 
20191229 0729  8.83 37 16.90 121 39.24   5.87   1.74 59  45  3.0 0.08  0.2  0.3  D 225 45 150  0.24  55                  15 28 25    73320976 
